117.5   82.5
135.0   115.0
142.5   107.5
185.0   165.0
192.5   157.5
260.0   240.0
110.0   90.0
112.5   12.5
112.5   47.5
130.0   30.0
132.5   67.5
150.0   50.0
155.0   5.0
157.5   92.5
175.0   25.0
175.0   75.0
200.0   50.0
207.5   142.5
225.0   125.0
250.0   0.0
250.0   100.0
267.5   232.5
282.5   217.5
300.0   200.0
300.0   50.0
325.0   175.0
350.0   0.0
375.0   125.0
392.5   357.5
407.5   342.5
425.0   325.0
425.0   75.0
450.0   300.0
455.0   420.0
470.0   405.0
487.5   387.5
500.0   0.0
500.0   250.0
512.5   362.5
517.5   482.5
532.5   467.5
550.0   200.0
550.0   450.0
562.5   312.5
575.0   425.0
612.5   262.5
625.0   0.0
625.0   125.0
625.0   375.0
642.5   607.5
675.0   325.0
675.0   575.0
687.5   187.5
687.5   62.5
700.0   550.0
750.0   0.0
750.0   125.0
750.0   250.0
750.0   500.0
800.0   450.0
812.5   187.5
812.5   62.5
875.0   0.0
875.0   125.0
875.0   375.0
